00000000000000000000000000000000 11111111111100101111111001100100 11111111111001011111110011001000 11111111110110001111101100101100
11111111110010110100010010011011 11111111110000010110111111001111 11111111101110101011011000111010 11111111101100010001010011100101
11111111101011011100000110010001 11111111101001111000001111010101 11111111101010010010000110001011 11111111101001101001100101101011
11111111101001111011111110011001 11111111101001010100011010111111 11111111101000111111010110111100 11111111101000001000110100101000
11111111100111101001111000011001 11111111100111111011000000000110 11111111100111010000110101010110 11111111100101111010000111000111
11111111100011111100101111111010 11111111100010111111011011010011 11111111100001011101101001001011 11111111011111011111101111011100
11111111011100111110001101010100 11111111011001111101110010111100 11111111010101111001100001100110 11111111010011101010100000001010
11111111001110110110101101011010 11111111001100001001110110001000 11111111001000100010101000001010 11111111000110011000101101011100
11111111000011000010001011010010 11111110111110110010010111100000 11111110111011001010001101110001 11111110111000011000011010011001
11111110110101111001000001000100 11111110110100011011111000011100 11111110110010100110000100101011 11111110110000010000001011101000
11111110101111000111110000011110 11111110101101100010001000101001 11111110101011010100100101100000 11111110101001100111111100110001
11111110100111110111000111110000 11111110100111000010110110001101 11111110100101001010000000100010 11111110100011010110000010111110
11111110100000010110100100010111 11111110011111101000111001001010 11111110011110011001111000111111 11111110011100110000000111100010
11111110011010100001111101111000 11111110011000101010101001001010 11111110010100000110011111110100 11111110001111111101111110001101
11111110001100000101100111001101 11111110001000101101001001100010 11111110000100100010010101110101 11111110000001001110000111000110
11111101111111000000010100000001 11111101111010100101000000011101 11111101110101101001001010011001 11111101110010100001000000101000
11111101101111001001101001010110 11111101101101011100110011010101 11111101101011010101011011111110 11111101101001101001111000010011
11111101101001001000110000100111 11111101101001110100101101100101 11111101101001110101101010101011 11111101101001110010000111100100
11111101101011010010010110000101 11111101101110101010010101001101 11111101110001101101001010111110 11111101110110000010111010100110
11111101111010011100010110101000 11111101111111111110110100010101 11111110000011111111111001001001 11111110001010010000100011010000
11111110010001111011110011111101 11111110011000100111011111010010 11111110011100101110001001010111 11111110100010000011101011101001
11111110101000110111100111100100 11111110101110111000011000010101 11111110110100101100001101101011 11111110111011111000111010000011
11111111000001101000011100011110 11111111000111111111100111100111 11111111001101100000010101110000 11111111010010111000101100101010
11111111011011001000010000010000 11111111100001100110111000001100 11111111100111101101111110000010 11111111101100101001001000010001
11111111110100010100110110001100 11111111111010100001101010100110 00000000000010010101101010011100 00000000001000111000110101001111
00000000001111000111010111111000 00000000010110010011011111000100 00000000011110001000000110110000 00000000100110001001000010000001
00000000101111110011111101010110 00000000110111100000110100010100 00000001000001100111001010000110 00000001001010111010101101111101
00000001010011011011111010011101 00000001011101111100001101101110 00000001100111111011011010101000 00000001110000011100000101111011
00000001111000011111011111001111 00000001111111110101000100000011 00000010000110011111111011100101 00000010001100111100010010110000
00000010010011011010010101100000 00000010011001111110100100000010 00000010011111100100010111100100 00000010100011111001101011010011
00000010100111100001011001001001 00000010101011011011010010011011 00000010101110010100100010100110 00000010101111111100001101111010
00000010110001001110101001001110 00000010110001111010110000110100 00000010110010110111110100001010 00000010110011001001100111101100
00000010110011100100011110010010 00000010110100100011100011110010 00000010110011010101101000101011 00000010110010110000011111010101
00000010110010101100011000010111 00000010110011000011011101001111 00000010110010000111001101101100 00000010101111111111000011110111
00000010110000100110111100100001 00000010101111010100101111110100 00000010101101110011010010111100 00000010101110100011000000010011
00000010101110010111000111010010 00000010101110100010111010111111 00000010101101001101010111001000 00000010101101000100100111111111
00000010101100010111100011010011 00000010101011111001110010110001 00000010101011001101011000100101 00000010101011101010000110101101
00000010101011110000001110100000 00000010101011001101000100101010 00000010101010010010000011011110 00000010101001001111111110101110
00000010100111011001100011000111 00000010100100110001110001001110 00000010100011111110101010000011 00000010100010110001111011111110
00000010011111011000110001001001 00000010011011111110111110011110 00000010010111111110110001011100 00000010010110000110110110001101
00000010010010100110011001001101 00000010001110110010011001000111 00000010001100100010100111110111 00000010001001110010010100000111
00000010000101101000101100000111 00000010000011001110101010110001 00000010000001001100000011100011 00000001111111010111110111011000
00000001111110001111111100000110 00000001111101100010101110000111 00000001111101100000010010101110 00000001111100110101101001011011
00000001111100001011011101010110 00000001111101110010011110001010 00000001111101011100110011100110 00000001111101010111111010001010
00000001111111110001000001000100 00000010000000111110101010111010 00000010000001100000110101000000 00000010000001001101110011000111
00000010000010110100001001011011 00000010000011100100011110101000 00000010000010100000100010010110 00000010000010011000100011000001
00000010000010101101101001101110 00000010000001000010000110000011 00000001111111010111011000110101 00000001111100111010100000001101
00000001111010010011000100111001 00000001110111001100010110110001 00000001110011111110000010100011 00000001101111110110001110000110
00000001101010100111110000101101 00000001100101111110100001111110 00000001100011010001101110101011 00000001011111011011100011001000
00000001011000100111010011010010 00000001010011010000111001001110 00000001001101100101000101110111 00000001001001100111110101011011
00000001000101100010000001110011 00000000111111110000010101010000 00000000111010010100001100101000 00000000110100110001000011000110
00000000101111000000101011100011 00000000101001100110100001000110 00000000100101101100111110011001 00000000011111101010001010001001
00000000011011100011011100000101 00000000010110001010100010101001 00000000010010010110110001001010 00000000001110011000011110010100
00000000001001001000011101010100 00000000000011110001101110000000 11111111111110111111110001011101 11111111110111011011011011000001
11111111110001101010101010001111 11111111101010000000100011111010 11111111100000110100001100111010 11111111011000100000111100111010
11111111010001001001010100100111 11111111000111110100101111101011 11111110111110110010110011011001 11111110110101100100001110010010
11111110101100011010000101011001 11111110100100011001001011011101 11111110011010110011001000001111 11111110010011100101000000001110
11111110001010011000100111111001 11111110000010110111101101111011 11111101111010101001010010000011 11111101110010011101101110110010
11111101101011110100011001100010 11111101100010111110001110010011 11111101011101100101010010001101 11111101010111111011010011101110
11111101010011011011010000000001 11111101001110011000110010010010 11111101001101000100100110000101 11111101001010010100001111101011
11111101001000111111101011100100 11111101000101110110100111010111 11111101000110011000001101100110 11111101000101111100110001110100
11111101000011011110110000001001 11111101000100100001011011011010 11111101000100111010010111110100 11111101000101001100001100101011
11111101000110111001101111110110 11111101001000010100101011101100 11111101001010000100000011101111 11111101001011011011111011000001
11111101001101110000010101110001 11111101001111010011001110010010 11111101010010000111101100111111 11111101010100000010010111100010
11111101010111101000000111001101 11111101011011000011110000000101 11111101011100011100101111000101 11111101011101111010111011011100
11111101011111101000010101010100 11111101100010010011011110010111 11111101100101111101011111101000 11111101101001010001110101000000
11111101101101010100111011111110 11111101101111001111101101001010 11111101110100000001001100011111 11111101110111001111001000110011
11111101111101111100001101000111 11111110000010101111110010100101 11111110001000100100110110010010 11111110001110010100001111011010
11111110010101100011001001111001 11111110011100110111000011001000 11111110100100000000010000011000 11111110101001011011001001010100
11111110110000011000000001101010 11111110111001010101000100100000 11111111000000100000100110100000 11111111000111010011011100000010
11111111001110000110001001100110 11111111010100001011011110100011 11111111011001110110010000110101 11111111011111111011011011001010
11111111100100100010000001001110 11111111101001110001111110001111 11111111101111111011000100111010 11111111110100001111010100111010
11111111111000011000101011101001 11111111111011110101100000001110 11111111111101111110001100100101 11111111111111101101001100101110
00000000000001001010100110100111 00000000000011000100101111111101 00000000000100011010111100111111 00000000000011011110001100001111
00000000000011101111101111110101 00000000000101001011011100110100 00000000000100111010011010011011 00000000000110111100010101110100
00000000001001100001100100010110 00000000001010111110001101000110 00000000001100110101001101111001 00000000001110011010000001111011
00000000001111111110101111010100 00000000010011111000010110000000 00000000010110001100010000111000 00000000011001010101111111100101
00000000011100111101011101011111 00000000100001101101010010100100 00000000100101001000111000110010 00000000101000101011000000000010
00000000101100010010001000101100 00000000110001010011010001011011 00000000110100001111110000110010 00000000110101011100100100001011
00000000111001111111101101110001 00000000111100011111101101100111 00000001000000001000111101101111 00000001000010100110111100110000
00000001000101000001101000100110 00000001000110101011000100110011 00000001001000000011011011111101 00000001001000101100110110111001
00000001001010101101111111110100 00000001001011011101000111111111 00000001001100110110101100001011 00000001001110001010011100011111
00000001001110011010010001110110 00000001001111111111000000100100 00000001010010010101110010101110 00000001010100010010111001111111
00000001010111101111110011111000 00000001011010100001001100101100 00000001011111110011110010011000 00000001100100000000110101100001
00000001101001111001010111000001 00000001101111101000110000001001 00000001110011100001000111001001 00000001111010001111111111000000
00000010000001000000110101000010 00000010000111001011011011010101 00000010001100000010000110101100 00000010010011111011000011111101
00000010011010010001111000100001 00000010011111101100010110111001 00000010100110000100000111001110 00000010101100100110000111101001
00000010110011101001010111101110 00000010111001001010000100100010 00000010111111011010110111111100 00000011000010011010111011101111
00000011000110000001111011000110 00000011001011001000111101000001 00000011001110100000110110110101 00000011001111111110100000101010
00000011010000011110010000101100 00000011010000010011100111010111 00000011010000010111100111101100 00000011001110111110110011010100
00000011001111100000110000001000 00000011001101101111110100011110 00000011001011001011011001101111 00000011001010000000011100100011
00000011001000111010110110000001 00000011000101000010010011000100 00000011000011001000101010111011 00000011000001010110110010001011
00000010111110011001101100010011 00000010111011110101001010111011 00000010111010100001111001001010 00000010110111000001101100000110
00000010110100001001100011101001 00000010110001110100010101000110 00000010101110111010011001000110 00000010101011001110111110110110
00000010101001001011000010101000 00000010100111011010000101101001 00000010100100010100010001111101 00000010100000000010111010100100
00000010011011111110001111111111 00000010010101011000010000100100 00000010001111101010100011000001 00000010001000110010011010110100
00000010000100001101000111000110 00000001111101001110111011000101 00000001110101110111010110110001 00000001101110110011100101011111
00000001100110011101101010001010 00000001011101111001000110100000 00000001010101001000111011000110 00000001001100100011111111100010
00000001000011000100011000000010 00000000111001000110011010110100 00000000101110011110011100001001 00000000100101100100101000011111
00000000011011110000101011011011 00000000010011000000000001011110 00000000001001001001100001000011 00000000000000000001100111100110
11111111111000110001110010101011 11111111110000111011011010000110 11111111101001001110000101111010 11111111100010001001000111100110
11111111011011101010011110010101 11111111010110011011111011101000 11111111001111100111000001010010 11111111001010101111100010001000
11111111000110000110100100101010 11111111000001001100010000111000 11111110111100001110011000101010 11111110111001110100110111001100
11111110110110100111101110101011 11111110110011000101110011011000 11111110110001000101000111101011 11111110101110100111010100100111
11111110101100010001000100111111 11111110101011000111101011011010 11111110101010000011001011010001 11111110100101111000000100111110
11111110100011111010100111001000 11111110100010001000111111101001 11111110011111010101000000110100 11111110011100010000010000110111
11111110011001011000111010111000 11111110010101111111101101011001 11111110010011010110111010011011 11111110010000011001110100100011
11111110001101101111010110000000 11111110001100110000010100011111 11111110001101110000000000100000 11111110001011101011010001110100
11111110001010010010101110101101 11111110001000110101111011010101 11111110001000101100110000010011 11111110001001011100101001100111
11111110001001101100001011000011 11111110001010111011001001111001 11111110001101000011110110010000 11111110001111011111101101110011
11111110010010011011000010110010 11111110010100000011111011001000 11111110010110010011010000011111 11111110011000100110010110001111
11111110011010100000011100111011 11111110011101100011101010100110 11111110011111000011011111111000 11111110100001011011101000010111
11111110100011001101000001001111 11111110100100010100100001111101 11111110100110001011111011111111 11111110100111010111001011110001
11111110100110011100011110100000 11111110100110001110101101111101 11111110100110001100000001010011 11111110100101010011100100110011
11111110100011111101110010010101 11111110100010110011101000111100 11111110100010100100110000101011 11111110100000011110110010010011
11111110011111100001101101101000 11111110011110100001011100011011 11111110011100110000011100110010 11111110011000111101000000100011
11111110010110001000111111000100 11111110010011011011011010101000 11111110010010011000101110000010 11111110010000011010110110111101
11111110001110101010000101111011 11111110001101100010001101010011 11111110001101000111101001010011 11111110001101110110011101100011
11111110001100110001001100010001 11111110001111010110110010101101 11111110010001000010111110001110 11111110010010010101101110110010
11111110010011101011100101001111 11111110010110000001010111101001 11111110010111100010000111010111 11111110011001001000101110111100
11111110011011100111100011000101 11111110011101011111001010011001 11111110100000101110010110011001 11111110100010010001110100000110
11111110100100000100000011011011 11111110100101011010001111001000 11111110100111110000000101100001 11111110101011110010010110000010
11111110101110010100011110101011 11111110110001010100101101000110 11111110110011000111111010110110 11111110110101110100110000110011
11111110111000001111110011001110 11111110111010010100000010000010 11111110111100010001010101010000 11111110111110100010100000110100
11111111000010000111010010000100 11111111000110001001011110100110 11111111001011001100101101011110 11111111001110010111100001001111
11111111010011011100100001000000 11111111011000000001001110001101 11111111011100110110001000101011 11111111100011000001011100001000
11111111101001000000001110101110 11111111110000110101111011011110 11111111111011001010001100011011 00000000000100011010001110100000
00000000001101111111001100101010 00000000011000010111100111001111 00000000100010100100001010001000 00000000101010011000001100101000
00000000110100101001001101000100 00000000111101100010000000111110 00000001000110100100000111111000 00000001010000110000110100000100
00000001011010010010101110111111 00000001100100011011010010111000 00000001101101110010110011000101 00000001110101011111100011011010
00000001111101100101100001011010 00000010000011111000111100001010 00000010001010100111011001011101 00000010010001010110110011110110
00000010010110001111010000000110 00000010011011000111110010111111 00000010011111110011110011101100 00000010100100110010111000111100
00000010101000111011010010100101 00000010101011001001110110110011 00000010101110111001011000000001 00000010110010111000001101011001
00000010110100111010110001111101 00000010110111111001100100101111 00000010111010100000011000001101 00000010111100000011000110000110
00000010111111010001101110001111 00000011000000110011101100010100 00000011000010111100001010000100 00000011000100000010111100010011
00000011000111001000000001100000 00000011001010101000101110011100 00000011001100101000000001001010 00000011001101000000000011001000
00000011001110010101011101101100 00000011001111100001110010100010 00000011010000101111101010111111 00000011001111111101100100111001
00000011001110101111010100100010 00000011001101101110011011011111 00000011001011010001110100001000 00000011000111001000000000001011
00000011000100000100011111111010 00000011000001010111001110000100 00000010111100111111100101100101 00000010110111111000111010001111
00000010110010100001101001101110 00000010101101001010110001000111 00000010100111110001000011111000 00000010100010110001110111111111
00000010011100000001010000100100 00000010010101101000010001111000 00000010001110110101101100010010 00000010001000011111111110000111
00000010000010010010100011001100 00000001111101000010110011011101 00000001110111101010101101110100 00000001110010000110110011001001
00000001101100111000100101101100 00000001100111100001111111101011 00000001100011000011011000111100 00000001100000000111100001011011
00000001011101100000001100110000 00000001011001011101010011000100 00000001010111011010010011111100 00000001010101001110111101100101
00000001010011001100110100111010 00000001010001000110110110100010 00000001001111100011111000101101 00000001001101100010111011101111
00000001001101001111101000100101 00000001001010101011100001110001 00000001001010000101111111001100 00000001000111010111101101100110
00000001000100111001011010101010 00000001000010110000100011101011 00000001000000011100111010000100 00000000111101101100110011100110
00000000111011001111111110111101 00000000111000000001010101011111 00000000110101000001110001100100 00000000110001100010100110111010
00000000101100010110011010010010 00000000101010011000110001110100 00000000100111111001101111000100 00000000100100100110100000000101
00000000100001101011111000010000 00000000011101001100110001101001 00000000011010010110001010001001 00000000010111101100111000101000
00000000010100010011000101111101 00000000010010001101110111011001 00000000010000010011111111010100 00000000001110011001110011010100
00000000001101000100111111010001 00000000001011100101001001111111 00000000001011011110011101000000 00000000001001111011010000100100
00000000001001011101010101011010 00000000001000101100010100011000 00000000000111011010001111101001 00000000000101010101100000111101
00000000000011100111011011010000 00000000000010100100000110110100 00000000000000101010100001010101 11111111111110011011000000000001
11111111111100000110111111110101 11111111110111101111110101111001 11111111110011101000011110101010 11111111101110110100111110100000
11111111101001011101100011010111 11111111100100111110101010000010 11111111011111110000000100101011 11111111011001101101111110111010
11111111010010011110101100100001 11111111001100010001110101011101 11111111000100001100110101111000 11111110111100100110111110011111
11111110110100100010000001100100 11111110101101110011100001100111 11111110100100101111010000100101 11111110011101001000100101011001
11111110010110100110001111101110 11111110001110011111010001111110 11111110001000001001010111110110 11111110000010101001000101100110
11111101111011010001010000000001 11111101110110010110010111000011 11111101110001100011001010110100 11111101101100000111111111010010
11111101101000011111110001100100 11111101100100011100100101010010 11111101011111010000100000101000 11111101011110000110011011001110
11111101011010000011100000001101 11111101010111110100110001010111 11111101010101010101010001011001 11111101010011000110101101001011
11111101010000010100110011001010 11111101001110010101010111001001 11111101001011111111000000111000 11111101001010111111100111011101
11111101001001010011000100000010 11111101000111101010100110010000 11111101000110000111101100011010 11111101000100001001000101100001
11111101000001011010111111111000 11111100111111111100111010001010 11111100111100101100010011110110 11111100111100010110110101001111
11111100111010110010111111101000 11111100111010111001101000101000 11111100111001110111001101010011 11111100111001111100000000000110
11111100111011101000110100110010 11111100111101010100101111000010 11111100111111011010011010110100 11111101000001010101001111111111
11111101000100101100100100100111 11111101000111110111111101100100 11111101001100000111100101011001 11111101010010010010110000111000
11111101011000111110100100001011 11111101011110100010010000001111 11111101100110001000100111100000 11111101101100011111110110101000
11111101110010110100110001000000 11111101111011011110111101111010 11111110000011011110011100001101 11111110001011000011110010011001
11111110010011010110111110011010 11111110011011100101101010001110 11111110100100010110110101011000 11111110101101011001110101011001
11111110110100111100100000010000 11111110111101110001010110011111 11111111000110011010100100111110 11111111001110001001011111011011
11111111010100000111111100110001 11111111011010011110101001010111 11111111011111110001000001110001 11111111100101001010100100011000
11111111101010101001101110111010 11111111101111110111110111000011 11111111110100001001101100111111 11111111111010101001010011010110
11111111111111000011010011001111 00000000000011110111001000101001 00000000001001100101011011011000 00000000001110101011011110111000
00000000010010110000001101011100 00000000010111010011101110111100 00000000011101100001110011000010 00000000100010000101010011001101
00000000100110101110100100100110 00000000101100101101001111001110 00000000110000010011110001010111 00000000110101101100000010111101
00000000111100000110101001001111 00000001000010111110000000010011 00000001000111110110111111000101 00000001001100001011101101101000
00000001010001011011100101010101 00000001010101011001111110110100 00000001011000001111000101010111 00000001011001110101100110010011
00000001011100110011010010101100 00000001100000011010010110000010 00000001100010110000011001101101 00000001100101011000110011011100
00000001100101101100011010100001 00000001100101111000010010001101 00000001100110001010011000010101 00000001100111001101110010000101
00000001100110111111110100010000 00000001100101111000000111100101 00000001100101010111101110011000 00000001100011011111101111001010
00000001100000110101110000011111 00000001100000000000100011001011 00000001011111101000100111110110 00000001011101111110110010011010
00000001011101101000100111111110 00000001011011101001101101001010 00000001011011011110110111111000 00000001011011110001100111001011
00000001011101100010110110110000 00000001011101110111100001100100 00000001011110100100001011101100 00000001100000101011010101110001
00000001100010101101000010100011 00000001100100010101010001101110 00000001100111000101001110111001 00000001101000110011011011001111
00000001101011010011011101101111 00000001101110111011111000101111 00000001110001011101110100000110 00000001110101011011011011000111






00000010011001010010101011000011 00000010011011000000001111100011 00000010011100010111101101100110 00000010011110001100100001100111
00000010011110101110110101000000 00000010011110010010111010101011 00000010011110010100011111100111 00000010011101110000011100101010
00000010011110000011001110100111 00000010011100100110001100101000 00000010011010101111110011101011 00000010011000101110001101100010
00000010010101111010110110100011 00000010010010000000000100001010 00000010001111001010000011001011 00000010001010100000001000100111
00000010000101010111001000100001 00000010000000100110101000111100 00000001111010000100100011001101 00000001110010110101011011011100
00000001101100110110110010001001 00000001100100011010001001110101 00000001011101011011001000101100 00000001010100101101110101111001
00000001001100101010111111000111 00000001000100001101001001110001 00000000111010000100001100101001 00000000110001010110010011010101
00000000101000010100000011001000 00000000011111110010010001011100 00000000010111101010000100000000 00000000001111000010101101000011
00000000000110111111100101000000 11111111111111111101111011001100 11111111110111100011010110010111 11111111110000110111100000011010
11111111101010111010000101011110 11111111100100011000000011101110 11111111011100010011001101011100 11111111010110010100110001011011
11111111010000000110111101010001 11111111001001000100101100111100 11111111000010110111110111001101 11111110111011001010000100011110
11111110110100111101010100000011 11111110101111011111010010100100 11111110101010011110011111000101 11111110100100101111100101110101
11111110011110011100111000001111 11111110011001000111110001110110 11111110010010010110101110100010 11111110001100001011000000100001
11111110000101101101010011000001 11111101111111110010110011010110 11111101111010100011000010010010 11111101110101011010011111011010
11111101101111111110000000001101 11111101101011110000111101000100 11111101101000111000100010000001 11111101100110100000001100010000
11111101100011101101010001001010 11111101100000111100110001011101 11111101011111001011011111001110 11111101011100111010101011100100
11111101011100111110000101011000 11111101011100010010110001100101 11111101011101101100110110111110 11111101011110011111101110001101
11111101011111100011100010100001 11111101100001001001011111100110 11111101100100100110001100001101 11111101100111001101001110010010
11111101101001100111011011100101 11111101101101001010000101010111 11111101110000010011101110110000 11111101110011001001001010100011
11111101110111000011101011101011 11111101111100111001101100011110 11111110000001000001011010010010 11111110000110011001011101010001
11111110001000111010110100110001 11111110001100000101100011001110 11111110010000011000110111011101 11111110010100001010111110101100
11111110010110110011010101110001 11111110011000001111100110100111 11111110011010110111000100100101 11111110011101000101001000111011
11111110011110001000001100000110 11111110011111010111100001100001 11111110100001100011011010011010 11111110100010111011111110110110
11111110100011101011111001011111 11111110100101101101110111100010 11111110100111000110101001010000 11111110101000111011110001001100
11111110101011101001011000010010 11111110101110010101000010100010 11111110101111111001000110110000 11111110110010011110101001001101
11111110110101000110111100010011 11111110110111110011001101000100 11111110111010111010011101101110 11111110111101101100001111110001
11111111000001010011101001101100 11111111000100011111001001010010 11111111000111011000111111111110 11111111001010001111000011100111
11111111001100011010000011011001 11111111001111000111010001010000 11111111010001001011011010110000 11111111010010111111111100001011
11111111010101111101010000101010 11111111011000001101100001110010 11111111011001001011100011100011 11111111011000000001111110000001
11111111011001110010010000100000 11111111011001111010100110011010 11111111011010101111111010010111 11111111011011100000111110000011
11111111011011001000100001100001 11111111011011101101110100001010 11111111011010010001100111010011 11111111011011010100011010100010
11111111011011011011100011011010 11111111011011000011011000001001 11111111011100001100010101110101 11111111011101011100011111000011
11111111011111010001101001101001 11111111100010000100110100101011 11111111100011110011001011101001 11111111100111000010010110010100
11111111101000110110010011111000 11111111101101000100001000001010 11111111110010011001110011101111 11111111110111110001101001011100
11111111111110001000100011010100 00000000000011001100111111001110 00000000001010000010100100000100 00000000010001010010000110011001
00000000011000111111001111111101 00000000011111010100101010001101 00000000100110011010110100001110 00000000101101000000110100111110
00000000110100001001100111101010 00000000111001010001001100000111 00000001000000111010110001001111 00000001000111010000010100110010
00000001001110010101100000011000 00000001010101010001101110001110 00000001011011010011101010101100 00000001100001011101010101001110
00000001100110011111010000011011 00000001101100000001111010000101 00000001110001101100110000010110 00000001110110000100001010001110
00000001111011001111000100100000 00000010000000110111011011011001 00000010000110000010110000001111 00000010001010111010100111010011
00000010010001010011101000101001 00000010010101111011010010011100 00000010011011010000010100110110 00000010100010001110011110001101
00000010101000100010010111100000 00000010101101010011101000001110 00000010110011000000001110000011 00000010110111011100110101010010
00000010111101111011010011111011 00000011000011000101111110010001 00000011001000010011111110011100 00000011001110011000101011100011
00000011010011111010100100000100 00000011010111101110111101011001 00000011011011100100011011110010 00000011011111111101010101010010