0000000000000000 1111111111101110 1111111111011101 1111111111001100 1111111110111011 1111111110101010 1111111110011001 1111111110001000 1111111101110111 1111111101100110 1111111101010101
1111111101000100 1111111100110011 1111111100100010 1111111100010001 1111111100000000 1111111011101111 1111111011011110 1111111011001101 1111111010111100 1111111010101011 1111111010011010
1111111010001001 1111111001111000 1111111001100111 1111111001010110 1111111001000101 1111111000110100 1111111000100011 1111111000010010 1111111000000001 1111110111110000 1111110111011111
1111110111001101 1111110110111100 1111110110101011 1111110110011010 1111110110001001 1111110101111000 1111110101100111 1111110101010110 1111110101000101 1111110100110100 1111110100100011
1111110100010010 1111110100000001 1111110011110000 1111110011011111 1111110011001110 1111110010111101 1111110010101100 1111110010011011 1111110010001010 1111110001111001 1111110001101000
1111110001010111 1111110001000110 1111110000110101 1111110000100100 1111110000010011 1111110000000010 1111101111110001 1111101111100000 1111101111001111 1111101110111110 1111101110101101
1111101110011011 1111101110001010 1111101101111001 1111101101101000 1111101101010111 1111101101000110 1111101100110101 1111101100100100 1111101100010011 1111101100000010 1111101011110001
1111101011100000 1111101011001111 1111101010111110 1111101010101101 1111101010011100 1111101010001011 1111101001111010 1111101001101001 1111101001011000 1111101001000111 1111101000110110
1111101000100101 1111101000010100 1111101000000011 1111100111110010 1111100111100001 1111100111010000 1111100110111111 1111100110101110 1111100110011101 1111100110001100 1111100101111011
1111100101101001 1111100101011000 1111100101000111 1111100100110110 1111100100100101 1111100100010100 1111100100000011 1111100011110010 1111100011100001 1111100011010000 1111100010111111
1111100010101110 1111100010011101 1111100010001100 1111100001111011 1111100001101010 1111100001011001 1111100001001000 1111100000110111 1111100000100110 1111100000010101 1111100000000100
1111011111110011 1111011111100010 1111011111010001 1111011111000000 1111011110101111 1111011110011110 1111011110001101 1111011101111100 1111011101101011 1111011101011010 1111011101001001
1111011100110111 1111011100100110 1111011100010101 1111011100000100 1111011011110011 1111011011100010 1111011011010001 1111011011000000 1111011010101111 1111011010011110 1111011010001101
1111011001111100 1111011001101011 1111011001011010 1111011001001001 1111011000111000 1111011000100111 1111011000010110 1111011000000101 1111010111110100 1111010111100011 1111010111010010
1111010111000001 1111010110110000 1111010110011111 1111010110001110 1111010101111101 1111010101101100 1111010101011011 1111010101001010 1111010100111001 1111010100101000 1111010100010110
1111010100000101 1111010011110100 1111010011100011 1111010011010010 1111010011000001 1111010010110000 1111010010011111 1111010010001110 1111010001111101 1111010001101100 1111010001011011
1111010001001010 1111010000111001 1111010000101000 1111010000010111 1111010000000110 1111001111110101 1111001111100100 1111001111010011 1111001111000010 1111001110110001 1111001110100000
1111001110001111 1111001101111110 1111001101101101 1111001101011100 1111001101001011 1111001100111010 1111001100101001 1111001100011000 1111001100000111 1111001011110110 1111001011100100
1111001011010011 1111001011000010 1111001010110001 1111001010100000 1111001010001111 1111001001111110 1111001001101101 1111001001011100 1111001001001011 1111001000111010 1111001000101001
1111001000011000 1111001000000111 1111000111110110 1111000111100101 1111000111010100 1111000111000011 1111000110110010 1111000110100001 1111000110010000 1111000101111111 1111000101101110
1111000101011101 1111000101001100 1111000100111011 1111000100101010 1111000100011001 1111000100001000 1111000011110111 1111000011100110 1111000011010101 1111000011000100 1111000010110010
1111000010100001 1111000010010000 1111000001111111 1111000001101110 1111000001011101 1111000001001100 1111000000111011 1111000000101010 1111000000011001 1111000000001000 1110111111110111
1110111111100110 1110111111010101 1110111111000100 1110111110110011 1110111110100010 1110111110010001 1110111110000000 1110111101101111 1110111101011110 1110111101001101 1110111100111100
1110111100101011 1110111100011010 1110111100001001 1110111011111000 1110111011100111 1110111011010110 1110111011000101 1110111010110100 1110111010100011 1110111010010010 1110111010000000
1110111001101111 1110111001011110 1110111001001101 1110111000111100 1110111000101011 1110111000011010 1110111000001001 1110110111111000 1110110111100111 1110110111010110 1110110111000101
1110110110110100 1110110110100011 1110110110010010 1110110110000001 1110110101110000 1110110101011111 1110110101001110 1110110100111101 1110110100101100 1110110100011011 1110110100001010
1110110011111001 1110110011101000 1110110011010111 1110110011000110 1110110010110101 1110110010100100 1110110010010011 1110110010000010 1110110001110001 1110110001011111 1110110001001110
1110110000111101 1110110000101100 1110110000011011 1110110000001010 1110101111111001 1110101111101000 1110101111010111 1110101111000110 1110101110110101 1110101110100100 1110101110010011
1110101110000010 1110101101110001 1110101101100000 1110101101001111 1110101100111110 1110101100101101 1110101100011100 1110101100001011 1110101011111010 1110101011101001 1110101011011000
1110101011000111 1110101010110110 1110101010100101 1110101010010100 1110101010000011 1110101001110010 1110101001100001 1110101001010000 1110101000111111 1110101000101101 1110101000011100
1110101000001011 1110100111111010 1110100111101001 1110100111011000 1110100111000111 1110100110110110 1110100110100101 1110100110010100 1110100110000011 1110100101110010 1110100101100001
1110100101010000 1110100100111111 1110100100101110 1110100100011101 1110100100001100 1110100011111011 1110100011101010 1110100011011001 1110100011001000 1110100010110111 1110100010100110
1110100010010101 1110100010000100 1110100001110011 1110100001100010 1110100001010001 1110100001000000 1110100000101111 1110100000011110 1110100000001101 1110011111111011 1110011111101010
1110011111011001 1110011111001000 1110011110110111 1110011110100110 1110011110010101 1110011110000100 1110011101110011 1110011101100010 1110011101010001 1110011101000000 1110011100101111
1110011100011110 1110011100001101 1110011011111100 1110011011101011 1110011011011010 1110011011001001 1110011010111000 1110011010100111 1110011010010110 1110011010000101 1110011001110100
1110011001100011 1110011001010010 1110011001000001 1110011000110000 1110011000011111 1110011000001110 1110010111111101 1110010111101100 1110010111011011 1110010111001001 1110010110111000
1110010110100111 1110010110010110 1110010110000101 1110010101110100 1110010101100011 1110010101010010 1110010101000001 1110010100110000 1110010100011111 1110010100001110 1110010011111101
1110010011101100 1110010011011011 1110010011001010 1110010010111001 1110010010101000 1110010010010111 1110010010000110 1110010001110101 1110010001100100 1110010001010011 1110010001000010
1110010000110001 1110010000100000 1110010000001111 1110001111111110 1110001111101101 1110001111011100 1110001111001011 1110001110111010 1110001110101000 1110001110010111 1110001110000110
1110001101110101 1110001101100100 1110001101010011 1110001101000010 1110001100110001 1110001100100000 1110001100001111 1110001011111110 1110001011101101 1110001011011100 1110001011001011
1110001010111010 1110001010101001 1110001010011000 1110001010000111 1110001001110110 1110001001100101 1110001001010100 1110001001000011 1110001000110010 1110001000100001 1110001000010000
1110000111111111 1110000111101110 1110000111011101 1110000111001100 1110000110111011 1110000110101010 1110000110011001 1110000110001000 1110000101110110 1110000101100101 1110000101010100
1110000101000011 1110000100110010 1110000100100001 1110000100010000 1110000011111111 1110000011101110 1110000011011101 1110000011001100 1110000010111011 1110000010101010 1110000010011001
1110000010001000 1110000001110111 1110000001100110 1110000001010101 1110000001000100 1110000000110011 1110000000100010 1110000000010001 1110000000000000 1101111111101111 1101111111011110
1101111111001101 1101111110111100 1101111110101011 1101111110011010 1101111110001001 1101111101111000 1101111101100111 1101111101010110 1101111101000100 1101111100110011 1101111100100010
1101111100010001 1101111100000000 1101111011101111 1101111011011110 1101111011001101 1101111010111100 1101111010101011 1101111010011010 1101111010001001 1101111001111000 1101111001100111
1101111001010110 1101111001000101 1101111000110100 1101111000100011 1101111000010010 1101111000000001 1101110111110000 1101110111011111 1101110111001110 1101110110111101 1101110110101100
1101110110011011 1101110110001010 1101110101111001 1101110101101000 1101110101010111 1101110101000110 1101110100110101 1101110100100100 1101110100010010 1101110100000001 1101110011110000
1101110011011111 1101110011001110 1101110010111101 1101110010101100 1101110010011011 1101110010001010 1101110001111001 1101110001101000 1101110001010111 1101110001000110 1101110000110101
1101110000100100 1101110000010011 1101110000000010 1101101111110001 1101101111100000 1101101111001111 1101101110111110 1101101110101101 1101101110011100 1101101110001011 1101101101111010
1101101101101001 1101101101011000 1101101101000111 1101101100110110 1101101100100101 1101101100010100 1101101100000011 1101101011110010 1101101011100000 1101101011001111 1101101010111110
1101101010101101 1101101010011100 1101101010001011 1101101001111010 1101101001101001 1101101001011000 1101101001000111 1101101000110110 1101101000100101 1101101000010100 1101101000000011
1101100111110010 1101100111100001 1101100111010000 1101100110111111 1101100110101110 1101100110011101 1101100110001100 1101100101111011 1101100101101010 1101100101011001 1101100101001000
1101100100110111 1101100100100110 1101100100010101 1101100100000100 1101100011110011 1101100011100010 1101100011010001 1101100010111111 1101100010101110 1101100010011101 1101100010001100
1101100001111011 1101100001101010 1101100001011001 1101100001001000 1101100000110111 1101100000100110 1101100000010101 1101100000000100 1101011111110011 1101011111100010 1101011111010001
1101011111000000 1101011110101111 1101011110011110 1101011110001101 1101011101111100 1101011101101011 1101011101011010 1101011101001001 1101011100111000 1101011100100111 1101011100010110
1101011100000101 1101011011110100 1101011011100011 1101011011010010 1101011011000001 1101011010110000 1101011010011111 1101011010001101 1101011001111100 1101011001101011 1101011001011010
1101011001001001 1101011000111000 1101011000100111 1101011000010110 1101011000000101 1101010111110100 1101010111100011 1101010111010010 1101010111000001 1101010110110000 1101010110011111
1101010110001110 1101010101111101 1101010101101100 1101010101011011 1101010101001010 1101010100111001 1101010100101000 1101010100010111 1101010100000110 1101010011110101 1101010011100100
1101010011010011 1101010011000010 1101010010110001 1101010010100000 1101010010001111 1101010001111110 1101010001101101 1101010001011011 1101010001001010 1101010000111001 1101010000101000
1101010000010111 1101010000000110 1101001111110101 1101001111100100 1101001111010011 1101001111000010 1101001110110001 1101001110100000 1101001110001111 1101001101111110 1101001101101101
1101001101011100 1101001101001011 1101001100111010 1101001100101001 1101001100011000 1101001100000111 1101001011110110 1101001011100101 1101001011010100 1101001011000011 1101001010110010
1101001010100001 1101001010010000 1101001001111111 1101001001101110 1101001001011101 1101001001001100 1101001000111011 1101001000101001 1101001000011000 1101001000000111 1101000111110110
1101000111100101 1101000111010100 1101000111000011 1101000110110010 1101000110100001 1101000110010000 1101000101111111 1101000101101110 1101000101011101 1101000101001100 1101000100111011
1101000100101010 1101000100011001 1101000100001000 1101000011110111 1101000011100110 1101000011010101 1101000011000100 1101000010110011 1101000010100010 1101000010010001 1101000010000000
1101000001101111 1101000001011110 1101000001001101 1101000000111100 1101000000101011 1101000000011010 1101000000001000 1100111111110111 1100111111100110 1100111111010101 1100111111000100
1100111110110011 1100111110100010 1100111110010001 1100111110000000 1100111101101111 1100111101011110 1100111101001101 1100111100111100 1100111100101011 1100111100011010 1100111100001001
1100111011111000 1100111011100111 1100111011010110 1100111011000101 1100111010110100 1100111010100011 1100111010010010 1100111010000001 1100111001110000 1100111001011111 1100111001001110
1100111000111101 1100111000101100 1100111000011011 1100111000001010 1100110111111001 1100110111101000 1100110111010110 1100110111000101 1100110110110100 1100110110100011 1100110110010010
1100110110000001 1100110101110000 1100110101011111 1100110101001110 1100110100111101 1100110100101100 1100110100011011 1100110100001010 1100110011111001 1100110011101000 1100110011010111
1100110011000110 1100110010110101 1100110010100100 1100110010010011 1100110010000010 1100110001110001 1100110001100000 1100110001001111 1100110000111110 1100110000101101 1100110000011100
1100110000001011 1100101111111010 1100101111101001 1100101111011000 1100101111000111 1100101110110110 1100101110100100 1100101110010011 1100101110000010 1100101101110001 1100101101100000
1100101101001111 1100101100111110 1100101100101101 1100101100011100 1100101100001011 1100101011111010 1100101011101001 1100101011011000 1100101011000111 1100101010110110 1100101010100101
1100101010010100 1100101010000011 1100101001110010 1100101001100001 1100101001010000 1100101000111111 1100101000101110 1100101000011101 1100101000001100 1100100111111011 1100100111101010
1100100111011001 1100100111001000 1100100110110111 1100100110100110 1100100110010101 1100100110000100 1100100101110010 1100100101100001 1100100101010000 1100100100111111 1100100100101110
1100100100011101 1100100100001100 1100100011111011 1100100011101010 1100100011011001 1100100011001000 1100100010110111 1100100010100110 1100100010010101 1100100010000100 1100100001110011
1100100001100010 1100100001010001 1100100001000000 1100100000101111 1100100000011110 1100100000001101 1100011111111100 1100011111101011 1100011111011010 1100011111001001 1100011110111000
1100011110100111 1100011110010110 1100011110000101 1100011101110100 1100011101100011 1100011101010001 1100011101000000 1100011100101111 1100011100011110 1100011100001101 1100011011111100
1100011011101011 1100011011011010 1100011011001001 1100011010111000 1100011010100111 1100011010010110 1100011010000101 1100011001110100 1100011001100011 1100011001010010 1100011001000001
1100011000110000 1100011000011111 1100011000001110 1100010111111101 1100010111101100 1100010111011011 1100010111001010 1100010110111001 1100010110101000 1100010110010111 1100010110000110
1100010101110101 1100010101100100 1100010101010011 1100010101000010 1100010100110001 1100010100011111 1100010100001110 1100010011111101 1100010011101100 1100010011011011 1100010011001010
1100010010111001 1100010010101000 1100010010010111 1100010010000110 1100010001110101 1100010001100100 1100010001010011 1100010001000010 1100010000110001 1100010000100000 1100010000001111
1100001111111110 1100001111101101 1100001111011100 1100001111001011 1100001110111010 1100001110101001 1100001110011000 1100001110000111 1100001101110110 1100001101100101 1100001101010100
1100001101000011 1100001100110010 1100001100100001 1100001100010000 1100001011111111 1100001011101101 1100001011011100 1100001011001011 1100001010111010 1100001010101001 1100001010011000
1100001010000111 1100001001110110 1100001001100101 1100001001010100 1100001001000011 1100001000110010 1100001000100001 1100001000010000 1100000111111111 1100000111101110 1100000111011101
1100000111001100 1100000110111011 1100000110101010 1100000110011001 1100000110001000 1100000101110111 1100000101100110 1100000101010101 1100000101000100 1100000100110011 1100000100100010